28.00
23.00
23.25
22.50
22.75
22.25
21.75
22.25
22.25
21.75
22.75
22.25
22.25
22.25
22.75
22.50
21.75
22.50
22.00
22.00
21.75
21.50
21.75
21.25
21.75
21.75
20.75
21.75
21.50
21.75
21.25
21.25
21.50
21.25
21.25
21.00
21.50
21.00
20.75
21.50
21.25
21.25
21.25
20.25
21.00
20.75
20.75
20.75
20.50
20.25
20.25
21.00
21.00
20.25
20.50
21.00
20.75
21.00
21.00
21.00
20.75
20.25
20.75
20.25
20.75
20.75
20.75
20.50
20.25
20.50
20.00
20.75
20.50
20.75
20.50
20.25
20.75
21.00
21.25
21.25
21.50
21.50
22.25
22.25
22.75
22.75
23.00
23.00
23.25
23.50
23.50
23.50
23.75
24.00
24.00
24.25
23.75
24.75
24.25
24.75
24.75
25.50
25.75
25.50
26.25
26.50
26.50
27.00
27.25
27.50
28.00
28.25
28.25
29.00
29.50
29.75
30.25
30.50
30.75
31.50
31.75
32.00
32.50
32.75
33.50
33.25
33.75
34.25
34.50
34.75
35.50
36.00
36.00
36.75
37.00
37.00
38.25
38.00
38.50
39.25
39.00
40.25
39.75
40.00
40.75
41.25
41.75
42.25
42.25
43.00
43.25
43.50
44.50
44.75
45.00
45.50
45.25
45.75
46.00
46.75
47.25
47.50
48.00
