20.00
20.50
20.25
20.50
19.50
20.00
20.00
19.50
19.25
19.50
19.50
19.50
19.50
18.75
19.25
19.25
19.50
18.75
18.75
18.50
19.25
18.75
19.25
18.75
19.25
19.25
19.00
19.25
19.00
18.75
19.25
19.00
19.00
19.00
19.25
19.00
19.25
19.25
19.25
19.25
19.25
19.00
19.00
19.25
19.25
19.25
18.75
18.75
19.25
19.50
19.50
19.50
19.50
19.75
19.75
19.75
19.50
20.00
20.00
20.25
20.50
20.50
20.75
20.75
21.50
21.00
21.50
21.75
21.50
21.75
21.75
22.25
22.50
22.75
23.00
23.00
23.25
24.00
24.00
24.25
24.50
24.75
25.75
25.75
26.00
26.50
26.50
26.50
27.25
27.50
27.75
28.50
28.75
29.25
29.00
30.00
30.25
30.50
31.00
31.25
32.00
32.00
32.25
32.75
32.75
33.00
33.50
34.00
34.75
34.75
35.50
35.50
36.00
36.50
37.00
36.75
37.25
37.50
38.25
38.75
39.25
39.00
39.75
40.50
41.00
40.50
41.00
41.50
42.00
42.25
42.75
43.25
43.50
43.50
43.75
44.25
44.50
45.00
45.00
45.25
45.75
46.00
46.50
46.50
47.00
47.00
47.00
47.25
48.00
47.75
48.25
47.75
48.50
48.50
48.75
48.50
48.50
49.00
49.00
49.00
49.00
49.50
49.25
49.00
49.25
49.00
49.50
49.50
49.50
49.25
49.50
49.50
49.50
