20.50
21.00
20.75
20.50
20.25
21.00
20.25
20.75
20.75
20.75
20.50
20.25
21.00
20.25
21.00
20.25
20.75
21.25
20.50
21.00
20.75
20.50
20.50
20.50
20.75
21.00
21.00
20.50
20.50
20.75
21.25
21.00
21.25
21.00
20.75
21.50
21.25
21.75
21.75
21.75
22.00
22.25
22.00
22.25
23.00
22.75
23.25
23.50
24.00
24.50
24.25
25.25
25.50
26.00
26.25
26.50
26.50
27.25
28.00
28.25
28.75
29.50
29.50
30.50
30.50
31.00
31.25
32.75
33.00
33.25
33.50
34.00
35.25
35.50
35.75
37.25
38.00
38.75
39.00
39.50
40.25
41.50
41.50
42.75
42.75
44.00
44.75
45.50
46.25
46.75
47.50
48.25
48.75
49.50
50.25
50.75
51.25
52.25
