18.75
19.00
19.00
18.75
19.50
18.75
19.00
19.50
19.50
19.50
19.50
18.75
19.50
19.25
19.00
19.25
19.00
18.25
19.00
19.00
19.00
19.25
19.25
19.25
19.25
18.75
19.25
19.00
19.00
19.00
19.00
19.25
19.25
19.25
19.50
19.50
19.50
19.25
18.75
19.25
19.50
19.00
19.25
19.50
19.75
19.50
18.75
18.50
18.75
19.00
19.75
19.50
19.50
19.75
19.50
19.50
19.75
19.75
20.00
19.75
20.25
20.25
20.50
20.75
20.75
20.50
21.00
21.25
21.50
21.00
21.50
22.00
21.50
22.25
22.00
23.00
23.00
22.75
23.75
24.00
24.00
24.50
25.25
25.25
25.75
26.25
26.00
27.00
27.00
27.75
28.00
28.25
28.50
28.75
29.25
29.50
29.75
30.50
30.75
31.25
31.50
32.50
32.50
32.75
33.50
33.75
34.00
34.25
34.75
35.00
36.00
36.00
36.50
37.00
37.25
37.75
38.00
38.25
38.75
39.00
40.00
40.50
40.25
40.75
41.50
41.75
42.00
42.75
42.75
43.25
43.75
43.75
44.00
44.00
44.75
45.75
46.25
46.00
46.75
46.75
47.50
47.75
48.25
48.75
49.00
49.00
49.50
50.25
50.50
51.00
51.25
51.75
51.75
52.50
53.00
53.00
53.25
54.00
54.50
54.75
54.50
54.75
55.50
56.00
56.25
56.50
57.00
57.75
57.75
58.50
58.75
58.75
59.50
59.75
60.00
60.75
61.00
61.25
61.00
61.50
62.50
62.75
63.25
63.75
64.25
64.50
64.75
65.00
65.50
65.75
66.00
