18.75
19.00
19.00
18.75
19.50
18.75
19.00
19.50
19.50
19.50
19.50
18.75
19.50
19.25
19.00
19.25
19.00
18.25
19.00
19.00
19.00
19.25
19.25
19.25
19.25
18.75
19.25
19.00
19.00
19.00
19.00
19.25
19.25
19.25
19.50
19.50
19.50
19.25
18.75
19.25
19.50
19.00
19.25
19.50
19.75
19.50
18.75
18.50
18.75
19.00
19.75
19.50
19.50
19.75
19.50
19.50
19.75
19.75
20.00
19.75
20.25
20.25
20.50
20.75
20.75
20.50
21.00
21.25
21.50
21.00
21.50
22.00
21.50
22.25
22.00
23.00
23.00
22.75
23.75
24.00
24.00
24.50
25.25
25.25
25.75
26.25
26.00
27.00
27.00
27.75
28.00
28.25
28.50
28.75
29.25
29.50
29.75
30.50
30.75
31.25
31.50
32.50
32.50
32.75
33.50
33.75
34.00
34.25
34.75
35.00
36.00
36.00
36.50
37.00
37.25
37.75
38.00
38.25
38.75
39.00
40.00
40.50
40.25
40.75
41.50
41.75
42.00
42.75
42.75
43.25
43.75
43.75
44.00
44.00
44.75
45.75
46.25
46.00
46.75
46.75
47.50
47.75
48.25
48.75
49.00
49.00
49.50
50.25
50.50
51.00
51.25
51.75
51.75
52.50
53.00
53.00
53.25
54.00
54.50
54.75
54.50
54.75
55.50
56.00
56.25
56.50
57.00
57.75
57.75
58.50
58.75
58.75
59.50
59.75
60.00
60.75
61.00
61.25
61.00
61.50
62.50
62.75
63.25
63.75
64.25
64.50
64.75
65.00
65.50
65.75
66.00
66.25
66.50
66.75
67.00
67.75
67.75
68.00
68.00
68.50
68.00
68.00
68.50
68.50
69.00
68.50
68.50
69.00
69.25
69.50
69.25
69.50
69.50
69.25
69.50
69.25
69.25
69.50
69.50
69.50
69.75
69.50
69.50
69.50
69.50
69.50
69.25
69.50
69.50
69.50
69.50
69.50
69.00
69.50
69.25
69.25
69.50
69.25
69.25
69.25
68.75
69.00
69.00
69.00
69.00
68.75
68.50
68.50
68.25
68.75
68.50
68.25
68.75
68.50
69.00
68.50
68.50
68.00
68.25
68.50
68.00
68.50
67.75
68.25
68.50
68.25
68.25
68.25
68.00
67.50
67.75
68.00
68.00
67.50
68.00
67.50
68.25
67.50
67.50
68.00
67.75
67.50
67.50
67.25
67.25
67.25
67.00
67.50
67.75
66.75
67.25
67.50
66.75
67.25
67.50
66.50
67.00
66.50
67.25
66.75
67.25
66.75
67.25
66.25
66.75
66.75
66.00
66.50
66.75
66.75
66.50
66.00
66.25
66.50
66.75
65.75
65.50
66.00
66.25
66.50
66.50
65.75
65.75
66.25
66.00
65.75
66.00
65.75
66.00
66.00
65.00
65.50
65.25
65.25
65.25
64.75
65.25
65.75
65.25
65.25
65.25
65.25
65.00
65.25
65.00
64.75
65.00
65.25
65.25
65.00
64.75
65.00
65.25
64.75
65.00
64.75
64.75
64.50
64.25
64.25
64.50
64.25
63.75
64.25
64.50
64.50
64.25
64.00
64.00
64.00
64.50
64.00
64.00
64.00
64.00
63.50
64.25
63.00
63.75
63.50
63.25
63.25
63.25
63.50
63.25
63.50
62.75
63.25
63.25
63.00
63.00
62.75
62.25
62.25
62.75
62.50
62.50
62.25
62.00
62.25
62.25
62.50
62.25
62.25
62.50
61.75
62.50
62.25
62.50
62.25
61.75
61.75
62.50
61.75
62.00
62.00
61.75
61.75
62.00
62.00
61.75
62.00
61.50
61.75
62.00
61.25
61.75
61.50
61.75
61.75
61.25
61.50
61.25
61.50
61.00
61.75
61.00
61.50
61.50
60.75
61.00
61.00
60.50
61.00
60.75
60.75
60.25
61.00
61.00
60.50
60.25
60.50
60.50
60.50
60.25
60.50
60.25
60.25
60.00
60.50
60.50
60.00
59.75
59.50
60.00
60.50
60.50
60.25
60.00
60.25
60.00
59.75
60.25
60.00
60.25
59.50
60.00
60.00
59.75
59.25
59.50
60.00
60.00
59.75
59.75
59.25
59.25
59.75
59.75
59.25
59.25
59.50
59.00
59.50
59.00
59.50
59.50
59.25
59.00
58.25
57.75
57.00
57.00
56.25
55.50
55.00
55.00
54.50
53.50
53.75
53.25
53.00
52.25
52.00
51.25
51.50
51.00
51.00
50.25
50.00
49.75
49.75
49.50
49.00
48.75
48.50
48.50
47.50
47.75
47.75
47.75
47.50
46.75
46.75
47.00
46.25
46.75
46.25
45.75
45.50
45.25
45.50
45.25
44.75
45.00
45.00
44.50
44.25
44.50
43.75
43.75
44.00
43.75
43.25
42.75
42.75
42.25
43.00
42.50
42.50
42.50
42.00
42.25
42.25
42.00
41.25
41.50
41.50
41.00
41.25
41.00
41.00
41.00
40.75
40.75
40.50
39.75
40.00
40.00
40.25
39.50
39.25
39.75
39.75
39.00
39.25
38.75
39.00
39.25
38.50
38.75
38.75
38.25
38.75
38.50
38.25
38.50
37.50
37.25
37.75
37.75
37.50
37.50
37.50
37.50
37.25
37.25
37.50
37.25
37.00
37.00
37.00
37.50
36.75
36.25
36.25
36.25
35.75
35.00
34.25
33.25
32.50
31.50
30.25
29.75
29.00
28.50
28.00
27.25
27.00
26.25
25.50
25.50
25.00
24.25
24.50
24.25
23.50
23.50
23.00
22.75
22.25
22.25
22.75
22.50
21.75
21.75
21.25
21.50
21.50
21.00
21.25
21.50
20.75
21.25
21.00
20.50
20.75
20.75
20.50
20.75
20.75
20.75
20.50
20.25
20.50
20.50
20.50
20.75
20.50
20.50
20.50
20.50
20.50
20.25
20.25
20.25
20.00
20.50
20.50
20.50
20.25
20.75
20.00
20.50
20.50
20.25
20.25
20.50
20.50
20.50
20.50
21.00
21.25
21.50
21.25
21.50
21.75
22.25
22.75
22.75
23.25
23.75
24.00
24.00
24.00
24.75
25.00
25.75
26.25
26.50
27.50
27.50
27.75
28.25
29.00
29.00
29.50
30.50
30.00
31.00
31.75
32.25
32.50
33.25
33.50
34.25
34.75
35.25
35.50
35.75
36.00
37.00
37.25
37.75
38.75
39.25
39.50
39.75
40.75
41.00
42.00
41.50
42.75
43.50
43.75
44.25
45.00
45.25
46.25
46.25
47.00
47.50
48.50
48.75
49.25
50.25
50.00
51.00
51.25
52.00
53.00
52.75
53.75
54.25
54.75
55.25
55.50
56.50
57.00
57.25
57.75
58.50
59.25
59.50
59.75
60.75
61.25
61.50
62.25
62.75
63.00
63.50
64.00
64.25
65.00
65.00
65.00
65.25
65.75
66.50
66.75
66.75
