20.50
20.50
20.50
20.25
20.50
20.25
20.00
20.25
20.50
20.00
20.50
19.75
20.00
20.00
20.00
20.25
20.25
20.00
20.25
19.75
20.00
19.75
19.75
19.75
20.25
20.00
20.50
20.25
20.50
20.25
20.50
20.25
20.00
20.25
20.00
19.75
20.75
20.25
20.50
20.25
20.50
20.75
20.00
20.00
20.50
20.75
20.50
20.25
20.50
20.75
21.00
20.25
21.00
20.75
20.25
20.75
20.00
20.75
21.25
20.50
21.50
20.75
20.75
21.25
21.25
21.00
20.75
21.00
21.00
21.00
21.25
21.25
21.00
21.00
21.25
21.25
21.00
21.00
21.50
21.50
22.00
22.00
22.00
22.50
22.50
23.00
22.75
23.25
23.75
24.00
23.75
24.50
24.75
25.50
25.75
26.00
26.75
26.50
27.25
28.00
28.25
28.25
29.00
30.25
30.75
31.00
31.50
31.75
32.75
33.25
33.50
34.50
35.00
35.25
36.25
36.25
37.75
38.25
38.75
39.50
39.50
41.00
41.50
42.50
42.75
44.00
44.00
44.75
46.00
46.50
47.25
48.00
48.50
49.00
49.75
50.25
50.50
51.00
51.50
52.25
52.50
53.00
53.25
53.25
53.50
54.25
53.75
54.75
55.25
55.00
55.25
55.50
55.75
56.00
55.75
56.00
56.00
55.75
55.75
56.50
56.75
56.50
56.50
