19.50
19.50
19.25
19.25
19.25
19.00
19.25
19.25
19.50
19.50
19.50
19.25
19.00
19.50
19.75
19.75
19.50
19.25
19.75
19.50
19.00
19.50
19.25
19.50
19.75
19.75
19.25
19.25
19.25
19.75
19.50
19.50
19.50
19.75
19.50
19.75
19.00
19.00
19.75
20.00
19.75
19.75
19.75
19.75
19.25
20.00
19.75
20.00
19.75
19.25
20.00
19.50
19.50
19.75
20.00
19.75
20.00
19.75
19.75
20.25
19.75
19.75
20.00
20.00
20.00
20.25
20.00
20.00
20.00
19.75
20.00
20.00
20.25
20.25
19.75
20.00
20.00
20.00
19.75
20.50
20.00
20.25
20.25
20.50
20.75
20.25
20.75
21.00
21.25
21.25
21.25
21.50
21.75
21.75
21.75
22.50
22.25
22.50
22.75
22.50
23.00
23.00
23.75
23.25
23.75
24.25
24.25
24.50
24.75
25.50
25.75
26.00
26.50
26.50
27.25
28.00
28.00
28.50
28.75
29.00
29.25
30.00
30.25
30.50
31.25
32.00
32.00
32.50
32.75
33.75
33.50
33.75
34.50
34.50
35.50
35.00
35.75
35.75
36.50
37.25
37.50
38.25
38.50
38.50
39.25
39.75
39.75
40.50
41.00
41.25
41.00
41.75
42.50
43.00
43.25
43.75
44.00
44.50
44.75
44.50
45.50
45.25
46.25
46.50
47.25
47.25
48.00
48.25
48.25
48.50
49.25
49.75
50.50
50.75
50.75
51.00
52.00
52.00
52.25
53.00
53.50
53.50
53.75
54.50
54.50
55.00
55.25
55.75
56.25
56.25
57.00
57.00
57.75
58.25
58.75
59.00
59.50
59.25
59.75
60.50
60.25
60.50
61.00
61.50
62.00
62.75
62.50
63.00
63.75
63.75
64.25
64.00
65.00
65.00
65.50
