22.00
21.75
21.75
21.50
21.25
21.50
21.50
20.50
21.00
21.25
20.75
21.00
21.50
20.50
21.50
21.25
20.75
21.50
21.25
21.00
20.75
21.50
21.75
21.25
20.50
21.25
21.50
21.25
21.50
20.75
21.50
21.50
21.25
21.75
21.75
21.50
21.50
21.50
21.50
21.50
21.50
21.25
21.50
21.75
21.50
22.00
21.25
21.75
22.00
22.00
22.00
21.75
21.75
22.00
22.00
22.00
21.00
21.75
22.00
22.25
22.00
22.50
22.50
22.25
22.50
23.25
23.50
23.25
23.75
24.75
25.00
25.50
25.75
26.50
26.75
26.50
27.75
28.25
28.25
29.25
29.50
30.00
30.75
31.50
32.25
33.00
33.25
34.00
34.50
34.75
35.25
36.50
37.00
37.50
38.25
38.50
39.25
40.00
40.50
41.00
41.75
42.00
42.75
43.25
44.00
44.25
45.00
45.75
45.75
47.00
47.25
48.00
48.50
48.75
49.50
50.00
51.25
51.75
52.50
52.25
53.75
54.25
54.25
55.50
55.50
56.50
57.25
58.25
58.75
59.50
59.75
60.00
61.25
61.50
62.50
63.00
63.00
63.75
64.50
65.25
65.25
66.50
67.00
67.75
68.50
69.00
69.50
70.00
70.50
71.25
71.00
71.75
72.25
72.50
73.00
73.25
73.00
73.25
74.25
74.00
74.00
74.25
74.50
74.50
75.00
75.00
75.25
75.25
75.25
75.25
75.25
